key             duration_u       regs      block       grid      waves theor_occ_ achieved_o dram_read_ dram_write   dram_pct       inst     ld_req ld_sectors st_sectors  spill_req stall_long stall_barr
baseline_N8           2.53      21.00     256.00       8.00       0.02     100.00      16.01      40.70     256.00       1.72    6848.00     192.00       8.00       8.00       0.00      13.52       0.71
triton_N8             2.66      29.00     128.00       8.00       0.01     100.00       8.11      50.69     256.00       2.03    4288.00      96.00      16.00      16.00       0.00      13.49       0.20
cuda_N8               2.98      28.00     128.00       8.00       0.01     100.00       8.29      46.59       0.00       1.65    5136.00      96.00      16.00      16.00       0.00      11.61       0.77
baseline_N1379        9.60      21.00     256.00    1379.00       2.74     100.00      88.19       5.66       1.27      75.59 1180424.00   33096.00       8.00       8.00       0.00      42.64       5.52
triton_N1379         10.85      29.00     128.00    1379.00       1.37     100.00      79.21       5.70       2.27      76.93  739144.00   16548.00      16.00      16.00       0.00      66.84       5.18
cuda_N1379           10.43      28.00     128.00    1379.00       1.37     100.00      87.07       5.77       2.11      79.07  885318.00   16548.00      16.00      16.00       0.00      52.68       4.26
baseline_N4096       21.22      21.00     256.00    4096.00       8.13     100.00      94.36      16.78       0.00      82.58 3342336.00   98304.00       8.00       8.00       0.00      42.53       4.89
triton_N4096         22.05      29.00     128.00    4096.00       4.06     100.00      86.38      16.79       0.00      79.52 2195456.00   49152.00      16.00      16.00       0.00      67.35       4.73
cuda_N4096           21.41      28.00     128.00    4096.00       4.06     100.00      85.00      16.79       0.00      81.93 2629632.00   49152.00      16.00      16.00       0.00      57.52       4.00
duration unit: us
